* EXCEPTION:
* ERROR: :sort_by! method missing on ~Array~.

#+begin_src ~Array#inspect~
[[[88, 15], [88, 14], [89, 15], [89, 14]], [[88, 17], [88, 16], [89, 17], [89, 16]], [[89, 19], [89, 18], [88, 19], [88, 18]], [[89, 20], [88, 20], [88, 21], [89, 21]], [[91, 14], [91, 15], [90, 14], [90, 15]], [[91, 16], [91, 17], [90, 16], [90, 17]], [[91, 18], [91, 19], [90, 18], [90, 19]], [[91, 20], [91, 21], [90, 21], [90, 20]], [[92, 14], [92, 15], [93, 15], [93, 14]], [[92, 16], [92, 17], [93, 17], [93, 16]], [[92, 18], [92, 19], [93, 19], [93, 18]], [[93, 21], [92, 20], [92, 21], [93, 20]], [[94, 15], [94, 14], [95, 14], [95, 15]], [[94, 17], [94, 16], [95, 16], [95, 17]], [[94, 19], [94, 18], [95, 18], [95, 19]], [[94, 20], [95, 20]], [[96, 14], [96, 15], [97, 15], [97, 14]], [[96, 16], [96, 17], [97, 17], [97, 16]], [[96, 18], [96, 19], [97, 19], [97, 18]], [[96, 20], [97, 20]], [[99, 15], [99, 14], [98, 15], [98, 14]], [[99, 17], [99, 16], [98, 17], [98, 16]], [[99, 19], [99, 18], [98, 19], [98, 18]], [[99, 20], [98, 20]], [[100, 14], [100, 15], [101, 14], [101, 15]], [[100, 16], [100, 17], [101, 16], [101, 17]], [[101, 18], [101, 19], [100, 18], [100, 19]], [[101, 20], [100, 20]], [[102, 15], [102, 14], [103, 15], [103, 14]], [[102, 17], [102, 16], [103, 17], [103, 16]], [[103, 19], [103, 18], [102, 19], [102, 18]], [[103, 20], [102, 20]], [[104, 15], [104, 14], [105, 14], [105, 15]], [[104, 17], [104, 16], [105, 16], [105, 17]], [[105, 18], [105, 19], [104, 19], [104, 18]], [[105, 20], [104, 20]], [[106, 14], [106, 15], [107, 15], [107, 14]], [[106, 16], [106, 17], [107, 17], [107, 16]], [[107, 19], [107, 18], [106, 18], [106, 19]], [[107, 20], [106, 20]], [[108, 15], [108, 14], [109, 15], [109, 14]], [[108, 17], [108, 16], [109, 17], [109, 16]], [[109, 19], [109, 18], [108, 19], [108, 18]], [[109, 20], [108, 20]], [[110, 14], [110, 15], [111, 14], [111, 15]], [[110, 16], [110, 17], [111, 16], [111, 17]], [[110, 18], [110, 19], [111, 18], [111, 19]], [[110, 20], [111, 20]], [[113, 15], [113, 14], [112, 15], [112, 14]], [[113, 17], [113, 16], [112, 17], [112, 16]], [[113, 19], [113, 18], [112, 19], [112, 18]], [[113, 20], [113, 21], [112, 21], [112, 20]], [[114, 15], [114, 14], [115, 14], [115, 15]], [[114, 17], [114, 16], [115, 16], [115, 17]], [[114, 19], [114, 18], [115, 18], [115, 19]], [[115, 21], [114, 20], [115, 20], [114, 21]], [[116, 14], [116, 15], [117, 15], [117, 14]], [[116, 16], [116, 17], [117, 17], [117, 16]], [[116, 18], [116, 19], [117, 19], [117, 18]], [[116, 21], [116, 20], [117, 20], [117, 21]], [[36, 17], [37, 17]], [[36, 18], [36, 19], [37, 18], [37, 19]], [[36, 21], [36, 20], [37, 20], [37, 21]], [[38, 17], [39, 17]], [[38, 19], [38, 18], [39, 19], [39, 18]], [[38, 20], [39, 20], [38, 21]], [[40, 17], [41, 17]], [[41, 18], [41, 19], [40, 18], [40, 19]], [[41, 20], [40, 20]], [[42, 17], [43, 17]], [[43, 19], [43, 18], [42, 18], [42, 19]], [[43, 20], [42, 20]], [[44, 17], [45, 17]], [[45, 18], [45, 19], [44, 19], [44, 18]], [[45, 20], [44, 20]], [[46, 17], [47, 17]], [[47, 18], [47, 19], [46, 18], [46, 19]], [[47, 20], [46, 20]], [[48, 17], [49, 17]], [[49, 19], [49, 18], [48, 19], [48, 18]], [[49, 20], [48, 20]], [[50, 17], [51, 17]], [[50, 18], [50, 19], [51, 18], [51, 19]], [[50, 20], [51, 20]], [[52, 17], [53, 17]], [[52, 18], [52, 19], [53, 19], [53, 18]], [[52, 20], [53, 20]], [[55, 17], [54, 17]], [[55, 18], [55, 19], [54, 19], [54, 18]], [[55, 20], [55, 21], [54, 21], [54, 20]], [[56, 17]], [[56, 18], [56, 19]], [[56, 20], [56, 21]], [[63, 17]], [[63, 19], [63, 18]], [[63, 20], [63, 21]], [[63, 22], [63, 23]], [[64, 17], [65, 17]], [[65, 18], [65, 19], [64, 19], [64, 18]], [[64, 21], [65, 21], [65, 20], [64, 20]], [[64, 22], [64, 23], [65, 23], [65, 22]], [[66, 17], [67, 17]], [[67, 18], [67, 19], [66, 18], [66, 19]], [[67, 20], [66, 20], [66, 21], [67, 21]], [[66, 23], [66, 22], [67, 23], [67, 22]], [[68, 17], [69, 17]], [[69, 19], [69, 18], [68, 19], [68, 18]], [[68, 21], [69, 21], [69, 20], [68, 20]], [[68, 23], [68, 22], [69, 23], [69, 22]], [[70, 17], [71, 17]], [[70, 18], [70, 19], [71, 18], [71, 19]], [[71, 21], [70, 20], [70, 21], [71, 20]], [[71, 22], [71, 23], [70, 22], [70, 23]], [[72, 17], [73, 17]], [[72, 18], [72, 19], [73, 19], [73, 18]], [[72, 21], [72, 20], [73, 20], [73, 21]], [[72, 22], [72, 23], [73, 22], [73, 23]], [[74, 17], [75, 17]], [[74, 19], [74, 18], [75, 18], [75, 19]], [[75, 21], [74, 20], [75, 20], [74, 21]], [[75, 23], [75, 22], [74, 22], [74, 23]], [[77, 17], [76, 17]], [[77, 18], [77, 19], [76, 18], [76, 19]], [[77, 20], [77, 21], [76, 21], [76, 20]], [[77, 23], [77, 22], [76, 23], [76, 22]], [[78, 17], [79, 17]], [[78, 19], [78, 18], [79, 19], [79, 18]], [[78, 20], [79, 21], [79, 20], [78, 21]], [[79, 23], [79, 22], [78, 23], [78, 22]], [[36, 23], [36, 22], [37, 23], [37, 22]], [[36, 25], [36, 24], [37, 24], [37, 25]], [[36, 27], [36, 26], [37, 27], [37, 26]], [[37, 28], [37, 29], [36, 28], [36, 29]], [[37, 30], [37, 31], [36, 30], [36, 31]], [[37, 33], [37, 32], [36, 33], [36, 32]], [[37, 34], [36, 34]], [[38, 23], [38, 22]], [[38, 25], [38, 24]], [[39, 27], [39, 26], [38, 27], [38, 26]], [[38, 29], [38, 28], [39, 29], [39, 28]], [[38, 31], [38, 30], [39, 31], [39, 30]], [[38, 33], [38, 32], [39, 33], [39, 32]], [[38, 34], [39, 34]], [[55, 23], [55, 22], [54, 22], [54, 23]], [[55, 24], [55, 25], [54, 25], [54, 24]], [[55, 27], [55, 26], [54, 26], [54, 27]], [[54, 29], [54, 28], [55, 28], [55, 29]], [[54, 31], [54, 30], [55, 30], [55, 31]], [[54, 32], [54, 33], [55, 33], [55, 32]], [[54, 35], [54, 34], [55, 34], [55, 35]], [[54, 36], [54, 37], [55, 37], [55, 36]], [[54, 39], [54, 38], [55, 38], [55, 39]], [[56, 23], [56, 22]], [[56, 25], [56, 24]], [[56, 27], [56, 26]], [[56, 28], [56, 29]], [[56, 30], [56, 31]], [[56, 33], [56, 32]], [[56, 34], [57, 35], [57, 34], [56, 35]], [[57, 37], [57, 36], [56, 37], [56, 36]], [[57, 38], [57, 39], [56, 39], [56, 38]], [[88, 23], [88, 22], [89, 23], [89, 22]], [[88, 24], [89, 25], [89, 24], [88, 25]], [[89, 27], [89, 26], [88, 27], [88, 26]], [[88, 29], [88, 28], [89, 29], [89, 28]], [[88, 31], [88, 30], [89, 31], [89, 30]], [[89, 33], [89, 32], [88, 33], [88, 32]], [[89, 34], [88, 34], [88, 35], [89, 35]], [[91, 22], [91, 23], [90, 22], [90, 23]], [[91, 24], [91, 25], [90, 25], [90, 24]], [[91, 26], [91, 27], [90, 26], [90, 27]], [[90, 28], [90, 29], [91, 28], [91, 29]], [[90, 30], [90, 31], [91, 30], [91, 31]], [[90, 32], [90, 33], [91, 32], [91, 33]], [[90, 35], [90, 34], [91, 34], [91, 35]], [[93, 22], [93, 23], [92, 22], [92, 23]], [[93, 24], [93, 25], [92, 25], [92, 24]], [[93, 26], [93, 27], [92, 26], [92, 27]], [[92, 28], [92, 29], [93, 29], [93, 28]], [[92, 30], [92, 31], [93, 31], [93, 30]], [[92, 32], [92, 33], [93, 32], [93, 33]], [[93, 35], [92, 34], [92, 35], [93, 34]], [[113, 22], [113, 23], [112, 22], [112, 23]], [[113, 24], [113, 25], [112, 25], [112, 24]], [[113, 26], [113, 27], [112, 26], [112, 27]], [[112, 29], [112, 28], [113, 29], [113, 28]], [[112, 31], [112, 30], [113, 31], [113, 30]], [[112, 32], [112, 33], [113, 32], [113, 33]], [[112, 35], [112, 34], [113, 34], [113, 35]], [[112, 36], [112, 37], [113, 36], [113, 37]], [[112, 39], [112, 38], [113, 38], [113, 39]], [[112, 41], [112, 40], [113, 41], [113, 40]], [[113, 43], [113, 42], [112, 43], [112, 42]], [[115, 23], [115, 22], [114, 22], [114, 23]], [[115, 24], [115, 25], [114, 25], [114, 24]], [[115, 27], [115, 26], [114, 26], [114, 27]], [[114, 29], [114, 28], [115, 28], [115, 29]], [[114, 31], [114, 30], [115, 30], [115, 31]], [[114, 32], [114, 33], [115, 33], [115, 32]], [[115, 35], [114, 34], [115, 34], [114, 35]], [[115, 37], [115, 36], [114, 36], [114, 37]], [[115, 38], [115, 39], [114, 39], [114, 38]], [[115, 40], [115, 41], [114, 41], [114, 40]], [[114, 43], [114, 42], [115, 42], [115, 43]], [[116, 23], [116, 22], [117, 23], [117, 22]], [[116, 25], [116, 24], [117, 24], [117, 25]], [[116, 27], [116, 26], [117, 27], [117, 26]], [[116, 28], [116, 29], [117, 29], [117, 28]], [[116, 30], [116, 31], [117, 31], [117, 30]], [[116, 33], [116, 32], [117, 33], [117, 32]], [[116, 35], [116, 34], [117, 34], [117, 35]], [[116, 37], [116, 36], [117, 37], [117, 36]], [[116, 39], [116, 38], [117, 38], [117, 39]], [[116, 40], [116, 41], [117, 41], [117, 40]], [[116, 42], [116, 43], [117, 43], [117, 42]], [[63, 25], [63, 24]], [[63, 26], [63, 27]], [[63, 29], [63, 28]], [[63, 31], [63, 30]], [[63, 32], [63, 33]], [[63, 34], [62, 34], [62, 35], [63, 35]], [[62, 36], [62, 37], [63, 36], [63, 37]], [[63, 39], [62, 38], [62, 39], [63, 38]], [[64, 24], [65, 25], [64, 25], [65, 24]], [[65, 27], [65, 26], [64, 26], [64, 27]], [[64, 29], [64, 28], [65, 28], [65, 29]], [[64, 31], [64, 30], [65, 30], [65, 31]], [[65, 33], [65, 32], [64, 32], [64, 33]], [[64, 35], [65, 35], [65, 34], [64, 34]], [[64, 36], [64, 37], [65, 37], [65, 36]], [[64, 38], [65, 39], [64, 39], [65, 38]], [[75, 24], [75, 25], [74, 25], [74, 24]], [[75, 27], [75, 26], [74, 26], [74, 27]], [[74, 28], [75, 28]], [[77, 24], [77, 25], [76, 25], [76, 24]], [[77, 27], [77, 26], [76, 27], [76, 26]], [[76, 28], [77, 28]], [[79, 24], [79, 25], [78, 25], [78, 24]], [[79, 27], [79, 26], [78, 27], [78, 26]], [[78, 28], [79, 28]], [[81, 25], [80, 25]], [[81, 26], [81, 27], [80, 26], [80, 27]], [[80, 28], [81, 28]], [[83, 25], [82, 25]], [[83, 26], [83, 27], [82, 26], [82, 27]], [[82, 28], [83, 28]], [[85, 25], [84, 25]], [[85, 27], [85, 26], [84, 26], [84, 27]], [[84, 28], [85, 28]], [[87, 25], [86, 25]], [[87, 27], [87, 26], [86, 27], [86, 26]], [[86, 28], [86, 29], [87, 28], [87, 29]], [[41, 26], [40, 26]], [[43, 26], [42, 26]], [[45, 26], [44, 26], [44, 27]], [[47, 26], [46, 26]], [[49, 26], [48, 26]], [[50, 26], [50, 27]], [[44, 29], [44, 28]], [[44, 31], [44, 30], [45, 31]], [[45, 33], [45, 32], [44, 32], [44, 33]], [[45, 34], [44, 34]], [[50, 28], [50, 29]], [[50, 30], [50, 31]], [[50, 32], [50, 33]], [[50, 35], [50, 34]], [[50, 36], [50, 37]], [[50, 39], [50, 38]], [[50, 40], [50, 41]], [[51, 43], [50, 42], [50, 43]], [[51, 44], [51, 45], [50, 44], [50, 45]], [[51, 46], [51, 47], [50, 46], [50, 47]], [[51, 48], [51, 49], [50, 49], [50, 48]], [[51, 50], [51, 51], [50, 50], [50, 51]], [[51, 52], [51, 53], [50, 53], [50, 52]], [[51, 54], [51, 55], [50, 54], [50, 55]], [[50, 56], [50, 57], [51, 56], [51, 57]], [[50, 59], [50, 58], [51, 58], [51, 59]], [[50, 60], [50, 61]], [[50, 63], [50, 62]], [[50, 64], [50, 65]], [[50, 66], [50, 67]], [[86, 30], [86, 31], [87, 30], [87, 31]], [[87, 33], [87, 32], [86, 33], [86, 32]], [[86, 35], [87, 35], [87, 34], [86, 34]], [[40, 31], [41, 31]], [[41, 32], [41, 33], [40, 32], [40, 33]], [[41, 34], [40, 34]], [[42, 31], [43, 31]], [[43, 32], [43, 33], [42, 32], [42, 33]], [[43, 34], [42, 34]], [[46, 31], [47, 31]], [[47, 33], [47, 32], [46, 33], [46, 32]], [[47, 35], [47, 34], [46, 34]], [[48, 31], [49, 31]], [[49, 33], [49, 32], [48, 33], [48, 32]], [[49, 34], [48, 34], [48, 35], [49, 35]], [[5, 34], [5, 35]], [[5, 37], [5, 36]], [[5, 39], [5, 38]], [[5, 40], [5, 41]], [[5, 42], [5, 43]], [[5, 44], [5, 45]], [[5, 47], [5, 46]], [[5, 48], [5, 49]], [[6, 35], [7, 35], [7, 34], [6, 34]], [[6, 37], [6, 36], [7, 37], [7, 36]], [[6, 38], [7, 39], [7, 38], [6, 39]], [[7, 40], [7, 41], [6, 40], [6, 41]], [[6, 42], [6, 43], [7, 42], [7, 43]], [[6, 44], [6, 45], [7, 44], [7, 45]], [[7, 47], [7, 46], [6, 47], [6, 46]], [[6, 49], [7, 49], [7, 48], [6, 48]], [[9, 34], [8, 34], [8, 35], [9, 35]], [[8, 37], [8, 36], [9, 37], [9, 36]], [[8, 38], [9, 39], [9, 38], [8, 39]], [[9, 41], [9, 40], [8, 41], [8, 40]], [[8, 43], [8, 42], [9, 43], [9, 42]], [[8, 45], [8, 44], [9, 45], [9, 44]], [[9, 47], [9, 46], [8, 47], [8, 46]], [[9, 48], [8, 48], [8, 49], [9, 49]], [[10, 35], [10, 34], [11, 34], [11, 35]], [[10, 36], [10, 37], [11, 36], [11, 37]], [[10, 39], [10, 38], [11, 38], [11, 39]], [[10, 40], [10, 41], [11, 40], [11, 41]], [[11, 42], [11, 43], [10, 42], [10, 43]], [[11, 44], [11, 45], [10, 44], [10, 45]], [[11, 46], [11, 47], [10, 46], [10, 47]], [[11, 48], [11, 49], [10, 49], [10, 48]], [[13, 35], [12, 34], [12, 35], [13, 34]], [[13, 36], [13, 37], [12, 36], [12, 37]], [[13, 38], [13, 39], [12, 39], [12, 38]], [[13, 41], [13, 40], [12, 40], [12, 41]], [[12, 42], [12, 43], [13, 43], [13, 42]], [[12, 44], [12, 45], [13, 45], [13, 44]], [[12, 46], [12, 47], [13, 46], [13, 47]], [[13, 49], [12, 48], [12, 49], [13, 48]], [[14, 35], [14, 34], [15, 34], [15, 35]], [[14, 36], [14, 37], [15, 37], [15, 36]], [[14, 39], [14, 38], [15, 38], [15, 39]], [[14, 41], [14, 40], [15, 40], [15, 41]], [[14, 43], [14, 42], [15, 42], [15, 43]], [[14, 45], [14, 44], [15, 44], [15, 45]], [[14, 46], [14, 47], [15, 47], [15, 46]], [[14, 49], [14, 48], [15, 48], [15, 49]], [[16, 34], [17, 35], [17, 34], [16, 35]], [[17, 37], [17, 36], [16, 37], [16, 36]], [[17, 38], [17, 39], [16, 39], [16, 38]], [[17, 40], [17, 41], [16, 40], [16, 41]], [[16, 42], [16, 43], [17, 42], [17, 43]], [[16, 44], [16, 45], [17, 44], [17, 45]], [[16, 47], [16, 46], [17, 47], [17, 46]], [[16, 48], [17, 49], [17, 48], [16, 49]], [[18, 35], [18, 34], [19, 34], [19, 35]], [[18, 37], [18, 36], [19, 37], [19, 36]], [[18, 39], [18, 38], [19, 38], [19, 39]], [[18, 41], [18, 40], [19, 41], [19, 40]], [[19, 43], [19, 42], [18, 43], [18, 42]], [[19, 45], [19, 44], [18, 45], [18, 44]], [[19, 47], [19, 46], [18, 47], [18, 46]], [[19, 48], [19, 49], [18, 49], [18, 48]], [[20, 35], [21, 35], [21, 34], [20, 34]], [[20, 36], [20, 37], [21, 36], [21, 37]], [[21, 39], [20, 38], [20, 39], [21, 38]], [[21, 40], [21, 41], [20, 40], [20, 41]], [[20, 42], [20, 43], [21, 42], [21, 43]], [[20, 44], [20, 45], [21, 44], [21, 45]], [[21, 46], [21, 47], [20, 46], [20, 47]], [[20, 49], [21, 49], [21, 48], [20, 48]], [[22, 34], [22, 35]], [[22, 36], [22, 37]], [[22, 38], [22, 39]], [[22, 40], [22, 41]], [[22, 42], [22, 43], [23, 43]], [[22, 44], [22, 45], [23, 45], [23, 44]], [[22, 46], [22, 47]], [[22, 48], [22, 49]], [[58, 35], [58, 34], [59, 34], [59, 35]], [[58, 37], [58, 36], [59, 37], [59, 36]], [[58, 39], [58, 38], [59, 38], [59, 39]], [[60, 35], [61, 35], [61, 34], [60, 34]], [[60, 36], [60, 37], [61, 36], [61, 37]], [[61, 39], [60, 38], [60, 39], [61, 38]], [[47, 37], [47, 36]], [[47, 39], [47, 38]], [[47, 40], [47, 41]], [[47, 42], [47, 43]], [[47, 44], [47, 45]], [[48, 37], [48, 36], [49, 37], [49, 36]], [[48, 38], [49, 39], [49, 38], [48, 39]], [[49, 41], [49, 40], [48, 41], [48, 40]], [[48, 43], [48, 42], [49, 43], [49, 42]], [[48, 45], [48, 44], [49, 45], [49, 44]], [[100, 36], [100, 37], [101, 36], [101, 37]], [[101, 39], [100, 38], [100, 39], [101, 38]], [[101, 40], [101, 41], [100, 40], [100, 41]], [[100, 42], [100, 43], [101, 42], [101, 43]], [[102, 36], [102, 37], [103, 36], [103, 37]], [[103, 39], [102, 38], [102, 39], [103, 38]], [[103, 41], [103, 40], [102, 41], [102, 40]], [[102, 43], [102, 42], [103, 43], [103, 42]], [[104, 36], [104, 37], [105, 37], [105, 36]], [[104, 38], [105, 39], [104, 39], [105, 38]], [[105, 40], [105, 41], [104, 41], [104, 40]], [[104, 43], [104, 42], [105, 42], [105, 43]], [[106, 37], [106, 36], [107, 37], [107, 36]], [[106, 38], [107, 39], [107, 38], [106, 39]], [[107, 41], [107, 40], [106, 40], [106, 41]], [[106, 42], [106, 43], [107, 43], [107, 42]], [[108, 37], [108, 36], [109, 37], [109, 36]], [[108, 38], [109, 39], [109, 38], [108, 39]], [[109, 41], [109, 40], [108, 41], [108, 40]], [[108, 43], [108, 42], [109, 43], [109, 42]], [[111, 36], [111, 37], [110, 36], [110, 37]], [[111, 38], [111, 39], [110, 39], [110, 38]], [[111, 40], [111, 41], [110, 40], [110, 41]], [[110, 42], [110, 43], [111, 42], [111, 43]], [[119, 37], [119, 36], [118, 37], [118, 36]], [[119, 38], [119, 39], [118, 39], [118, 38]], [[119, 41], [119, 40], [118, 41], [118, 40]], [[118, 43], [118, 42], [119, 43], [119, 42]], [[120, 36], [120, 37], [121, 36], [121, 37]], [[121, 39], [120, 38], [120, 39], [121, 38]], [[121, 40], [121, 41], [120, 40], [120, 41]], [[120, 42], [120, 43], [121, 42], [121, 43]], [[122, 36], [122, 37], [123, 36], [123, 37]], [[123, 39], [122, 38], [122, 39], [123, 38]], [[123, 41], [123, 40], [122, 41], [122, 40]], [[122, 43], [122, 42], [123, 43], [123, 42]], [[124, 36], [124, 37]], [[124, 38], [124, 39]], [[124, 41], [124, 40]], [[124, 43], [124, 42]], [[66, 38], [67, 39], [67, 38], [66, 39]], [[68, 38], [69, 39], [69, 38], [68, 39]], [[71, 38], [71, 39], [70, 39], [70, 38]], [[72, 39], [72, 38], [73, 38], [73, 39]], [[72, 40], [72, 41], [73, 41], [73, 40]], [[72, 42], [72, 43], [73, 43], [73, 42]], [[72, 44], [72, 45], [73, 45], [73, 44]], [[24, 43], [25, 43]], [[24, 45], [24, 44], [25, 44], [25, 45]], [[26, 43], [27, 43]], [[26, 44], [26, 45], [27, 44], [27, 45]], [[28, 43], [29, 43]], [[28, 45], [28, 44], [29, 45], [29, 44]], [[30, 43], [31, 43]], [[30, 44], [30, 45], [31, 44], [31, 45]], [[33, 43], [32, 43]], [[33, 45], [33, 44], [32, 44], [32, 45]], [[70, 43], [71, 43]], [[70, 44], [70, 45], [71, 44], [71, 45]], [[70, 46], [70, 47], [71, 46], [71, 47]], [[57, 44], [57, 45]], [[57, 47], [57, 46]], [[58, 45], [58, 44], [59, 45], [59, 44]], [[58, 47], [58, 46], [59, 47], [59, 46]], [[60, 44], [60, 45], [61, 44], [61, 45]], [[61, 46], [61, 47], [60, 46], [60, 47]], [[62, 44], [62, 45], [63, 45], [63, 44]], [[63, 46], [63, 47], [62, 46], [62, 47]], [[64, 45], [64, 44], [65, 44], [65, 45]], [[65, 47], [65, 46], [64, 46], [64, 47]], [[66, 44], [66, 45], [67, 44], [67, 45]], [[67, 47], [67, 46], [66, 47], [66, 46]], [[68, 45], [68, 44], [69, 45], [69, 44]], [[69, 47], [69, 46], [68, 47], [68, 46]], [[100, 44], [100, 45], [101, 44], [101, 45]], [[101, 46], [101, 47], [100, 46], [100, 47]], [[100, 49], [101, 49], [101, 48], [100, 48]], [[100, 50], [100, 51], [101, 50], [101, 51]], [[101, 53], [100, 52], [100, 53], [101, 52]], [[101, 54], [100, 54]], [[102, 45], [102, 44], [103, 45], [103, 44]], [[103, 46], [103, 47], [102, 46], [102, 47]], [[103, 48], [102, 48], [102, 49], [103, 49]], [[102, 50], [102, 51], [103, 50], [103, 51]], [[103, 53], [102, 52], [102, 53], [103, 52]], [[103, 54], [102, 54]], [[104, 45], [104, 44], [105, 44], [105, 45]], [[105, 47], [105, 46], [104, 46], [104, 47]], [[104, 49], [105, 49], [105, 48], [104, 48]], [[104, 50], [104, 51], [105, 51], [105, 50]], [[104, 52], [105, 53], [104, 53], [105, 52]], [[105, 54], [104, 54]], [[29, 47], [29, 46]], [[29, 49], [29, 48]], [[29, 51], [29, 50]], [[29, 53], [29, 52]], [[29, 55], [29, 54]], [[29, 57], [29, 56]], [[29, 59], [29, 58]], [[29, 61], [29, 60], [28, 61]], [[28, 63], [29, 63], [29, 62], [28, 62]], [[28, 65], [28, 64], [29, 65], [29, 64]], [[29, 67], [29, 66]], [[30, 46], [30, 47], [31, 46], [31, 47]], [[31, 49], [30, 48], [30, 49], [31, 48]], [[31, 50], [31, 51], [30, 50], [30, 51]], [[31, 52], [31, 53], [30, 53], [30, 52]], [[31, 54], [31, 55], [30, 54], [30, 55]], [[30, 56], [30, 57], [31, 56], [31, 57]], [[30, 59], [30, 58], [31, 58], [31, 59]], [[30, 60], [30, 61], [31, 60], [31, 61]], [[31, 63], [30, 62], [30, 63], [31, 62]], [[31, 64], [31, 65], [30, 64], [30, 65]], [[31, 66], [31, 67], [30, 66], [30, 67]], [[33, 46], [33, 47], [32, 46], [32, 47]], [[33, 48], [33, 49], [32, 49], [32, 48]], [[33, 50], [33, 51], [32, 50], [32, 51]], [[33, 52], [33, 53], [32, 53], [32, 52]], [[33, 55], [33, 54], [32, 54], [32, 55]], [[32, 56], [32, 57], [33, 57], [33, 56]], [[32, 59], [32, 58], [33, 58], [33, 59]], [[32, 60], [32, 61], [33, 60], [33, 61]], [[32, 63], [32, 62], [33, 62], [33, 63]], [[32, 64], [32, 65], [33, 64], [33, 65]], [[32, 66], [32, 67], [33, 67], [33, 66]], [[49, 47], [49, 46], [48, 47], [48, 46]], [[49, 48], [48, 48], [48, 49], [49, 49]], [[48, 51], [48, 50], [49, 51], [49, 50]], [[48, 52], [49, 53], [49, 52], [48, 53]], [[49, 55], [49, 54], [48, 55], [48, 54]], [[48, 57], [48, 56], [49, 57], [49, 56]], [[48, 58], [49, 59], [49, 58], [48, 59]], [[49, 61], [49, 60], [48, 61], [48, 60]], [[49, 62], [48, 62], [48, 63], [49, 63]], [[48, 65], [48, 64], [49, 65], [49, 64]], [[49, 67], [49, 66], [48, 67], [48, 66]], [[72, 46]], [[57, 49], [57, 48]], [[58, 49], [58, 48], [59, 48], [59, 49]], [[60, 49], [61, 49], [61, 48], [60, 48]], [[63, 48], [62, 48], [62, 49], [63, 49]], [[64, 49], [65, 49], [65, 48], [64, 48]], [[67, 48], [66, 48], [66, 49], [67, 49]], [[68, 49], [68, 48]], [[81, 48], [80, 48], [80, 49], [81, 49]], [[80, 50], [80, 51], [81, 50], [81, 51]], [[81, 53], [80, 52], [80, 53], [81, 52]], [[81, 54], [80, 54]], [[82, 49], [83, 49], [83, 48], [82, 48]], [[82, 50], [82, 51], [83, 50], [83, 51]], [[83, 53], [82, 52], [82, 53], [83, 52]], [[83, 54], [82, 54]], [[85, 48], [84, 48], [84, 49], [85, 49]], [[84, 50], [84, 51], [85, 51], [85, 50]], [[84, 52], [85, 53], [84, 53], [85, 52]], [[85, 54], [84, 54]], [[86, 49], [87, 49], [87, 48], [86, 48]], [[86, 51], [86, 50], [87, 51], [87, 50]], [[86, 52], [87, 53], [87, 52], [86, 53]], [[87, 54], [86, 54]], [[89, 48], [88, 48], [88, 49], [89, 49]], [[88, 51], [88, 50], [89, 51], [89, 50]], [[88, 52], [89, 53], [89, 52], [88, 53]], [[89, 54], [88, 54]], [[91, 48], [91, 49], [90, 49], [90, 48]], [[91, 50], [91, 51], [90, 50], [90, 51]], [[91, 52], [91, 53], [90, 53], [90, 52]], [[91, 54], [90, 54]], [[93, 49], [92, 48], [92, 49], [93, 48]], [[93, 50], [93, 51], [92, 50], [92, 51]], [[93, 52], [93, 53], [92, 53], [92, 52]], [[93, 54], [92, 54]], [[95, 48], [95, 49], [94, 49], [94, 48]], [[95, 51], [95, 50], [94, 50], [94, 51]], [[95, 52], [95, 53], [94, 53], [94, 52]], [[95, 54], [94, 54]], [[96, 48], [97, 49], [97, 48], [96, 49]], [[97, 51], [97, 50], [96, 51], [96, 50]], [[97, 52], [97, 53], [96, 53], [96, 52]], [[97, 54], [96, 54]], [[99, 48], [99, 49], [98, 49], [98, 48]], [[99, 51], [99, 50], [98, 51], [98, 50]], [[99, 52], [99, 53], [98, 53], [98, 52]], [[99, 54], [98, 54]], [[75, 51], [75, 50]], [[75, 52], [75, 53], [74, 53]], [[77, 51], [77, 50], [76, 51], [76, 50]], [[77, 52], [77, 53], [76, 53], [76, 52]], [[79, 51], [79, 50], [78, 51], [78, 50]], [[79, 52], [78, 52]], [[53, 53], [52, 53]], [[53, 55], [53, 54], [52, 54], [52, 55]], [[52, 56], [52, 57], [53, 57], [53, 56]], [[52, 59], [52, 58], [53, 58], [53, 59]], [[55, 53], [54, 53]], [[55, 54], [55, 55], [54, 55], [54, 54]], [[54, 57], [54, 56], [55, 56], [55, 57]], [[54, 59], [54, 58], [55, 58], [55, 59]], [[57, 53], [56, 53]], [[57, 54], [57, 55], [56, 54], [56, 55]], [[56, 56], [56, 57], [57, 56], [57, 57]], [[56, 59], [56, 58], [57, 58], [57, 59]], [[58, 53], [59, 53]], [[58, 55], [58, 54], [59, 55], [59, 54]], [[58, 57], [58, 56], [59, 57], [59, 56]], [[58, 59], [58, 58], [59, 58], [59, 59]], [[72, 53], [73, 53]], [[72, 54], [72, 55], [73, 55], [73, 54]], [[73, 57], [73, 56], [72, 56], [72, 57]], [[73, 58], [73, 59], [72, 59], [72, 58]], [[73, 60], [73, 61], [72, 60], [72, 61]], [[73, 62], [73, 63], [72, 63], [72, 62]], [[73, 64], [73, 65], [72, 64], [72, 65]], [[73, 67], [73, 66], [72, 66], [72, 67]], [[73, 68], [72, 68]], [[75, 54], [75, 55], [74, 55], [74, 54]], [[74, 57], [74, 56], [75, 56], [75, 57]], [[74, 59], [74, 58], [75, 58], [75, 59]], [[74, 60], [74, 61], [75, 61], [75, 60]], [[74, 62], [75, 63], [74, 63], [75, 62]], [[75, 65], [75, 64], [74, 64], [74, 65]], [[75, 66], [75, 67], [74, 67], [74, 66]], [[75, 68], [74, 68]], [[77, 54], [77, 55], [76, 54], [76, 55]], [[76, 56], [76, 57], [77, 56], [77, 57]], [[76, 59], [76, 58], [77, 58], [77, 59]], [[76, 61], [76, 60], [77, 61], [77, 60]], [[76, 63], [76, 62], [77, 62], [77, 63]], [[76, 65], [76, 64], [77, 65], [77, 64]], [[76, 66], [76, 67], [77, 66], [77, 67]], [[76, 68], [77, 68]], [[38, 59], [38, 58], [39, 58]], [[40, 58], [41, 58]], [[43, 59], [42, 58], [43, 58]], [[38, 61], [38, 60]], [[38, 62], [38, 63]], [[39, 65], [39, 64], [38, 65], [38, 64]], [[39, 67], [39, 66], [38, 67], [38, 66]], [[43, 60], [43, 61]], [[43, 63], [43, 62]], [[42, 64], [42, 65], [43, 64], [43, 65]], [[43, 67], [43, 66], [42, 66], [42, 67]], [[21, 60], [21, 61]], [[21, 63], [21, 62]], [[21, 64], [21, 65]], [[21, 66]], [[23, 60], [23, 61], [22, 60], [22, 61]], [[23, 62], [22, 62], [22, 63], [23, 63]], [[22, 64], [22, 65], [23, 64], [23, 65]], [[23, 66], [22, 66]], [[25, 61], [25, 60], [24, 60], [24, 61]], [[24, 63], [25, 63], [25, 62], [24, 62]], [[24, 64], [24, 65], [25, 65], [25, 64]], [[25, 66], [24, 66]], [[27, 61], [26, 61], [26, 60]], [[27, 62], [26, 62], [26, 63], [27, 63]], [[26, 65], [26, 64], [27, 65], [27, 64]], [[26, 66]], [[55, 61], [55, 60]], [[55, 62], [55, 63]], [[55, 65], [55, 64]], [[55, 66], [55, 67]], [[55, 68]], [[56, 61], [56, 60], [57, 61], [57, 60]], [[56, 62], [57, 63], [57, 62], [56, 63]], [[57, 65], [57, 64], [56, 65], [56, 64]], [[57, 66], [57, 67], [56, 66], [56, 67]], [[57, 68], [56, 68]], [[58, 61], [58, 60], [59, 61], [59, 60]], [[58, 63], [58, 62], [59, 62], [59, 63]], [[58, 65], [58, 64], [59, 65], [59, 64]], [[58, 67], [58, 66], [59, 67], [59, 66]], [[58, 68], [59, 68]], [[60, 63], [61, 63], [61, 62], [60, 62]], [[60, 64], [60, 65], [61, 64], [61, 65]], [[61, 66], [61, 67], [60, 66], [60, 67]], [[61, 68], [60, 68]], [[63, 62], [62, 62], [62, 63], [63, 63]], [[62, 64], [62, 65], [63, 64], [63, 65]], [[63, 67], [63, 66], [62, 66], [62, 67]], [[63, 68], [62, 68]], [[64, 63], [65, 63], [65, 62], [64, 62]], [[64, 64], [64, 65], [65, 65], [65, 64]], [[65, 66], [65, 67], [64, 67], [64, 66]], [[65, 68], [64, 68]], [[67, 62], [66, 62], [66, 63], [67, 63]], [[66, 65], [66, 64], [67, 65], [67, 64]], [[67, 66], [67, 67], [66, 66], [66, 67]], [[67, 68], [66, 68]], [[68, 63], [69, 63], [69, 62], [68, 62]], [[68, 65], [68, 64], [69, 65], [69, 64]], [[69, 67], [69, 66], [68, 67], [68, 66]], [[69, 68], [68, 68]], [[71, 63], [70, 62], [70, 63], [71, 62]], [[71, 64], [71, 65], [70, 64], [70, 65]], [[71, 66], [71, 67], [70, 66], [70, 67]], [[71, 68], [70, 68]], [[35, 65], [35, 64], [34, 64], [34, 65]], [[35, 66], [35, 67], [34, 67], [34, 66]], [[36, 65], [36, 64], [37, 65], [37, 64]], [[36, 66], [36, 67], [37, 66], [37, 67]], [[40, 64], [40, 65], [41, 64], [41, 65]], [[41, 66], [41, 67], [40, 66], [40, 67]], [[44, 64], [44, 65], [45, 65], [45, 64]], [[45, 66], [45, 67], [44, 67], [44, 66]], [[46, 65], [46, 64], [47, 65], [47, 64]], [[47, 66], [47, 67], [46, 66], [46, 67]]]
#+end_src ~Array#inspect~

** Did you mean?
Here's a list of methods that kind of look like :sort_by!.
*** :sort_by
*** :sort
*** :sort!

The method named
  :sort_by!
doesn't exist on [Array, #<Class:#<Array:0x7f79923aa620>>, Enumerable].

(suggestions above)
** Backtrace:
*** app/game/render_environment.rb:345:in sacrificed_mirror_stratified_cell_order
*** app/game/render_environment.rb:331:in sacrificed_mirror_safe_path_cells
*** app/game/render_environment.rb:356:in sacrificed_mirror_retained_cell_lookup
*** app/game/render_environment.rb:381:in render_mirror_sacrifice_flicker
*** app/game/render_environment.rb:257:in render_archive_safe_paths
*** app/game/render_scene.rb:48:in render_lit_scene_at
*** app/game/render_scene.rb:39:in render_lit_scene
*** app/camera.rb:51:in with_render_tick
*** app/game/render_scene.rb:39:in render_lit_scene
*** app/game/render_scene.rb:11:in render
*** app/scenes.rb:596:in tick
*** app/root_scene.rb:44:in tick
*** app/main.rb:13:in tick